67976947627610456149508598738320731487463295460334759040372734141060893580911825716253134769006370591964358925583945911041844186528808084803582987450839909523907182477292815712851878722540415335632298048610755613494735428293681142827564299430015369197322008808701961382339239485151878568624824376219146411696
62051926504161898428423148232742936624993174899146014855662900430385250768124843591244428761202539634018764989530101157915421555087960400410434969452495969110331952374798388706841505876691761654370140912741186710978433627300028182344765850110707722327129453130375606839554194846698030828742037137248700092085
68163190845011168644567347412516812698679511191880167554093658025040396302742249128876188212183404818621653938588141503517568202732763846635818811728442655649452302985220726241733691154121223263563357012903075669728884272307162358885048259507686475581280898490678267785129507051523317432650648526926399257
10612073514548860298506504064537661705684153870957829316836335664224131831941075088658846813354009182041899806604480773616769483230494372367694324338459180121015006019666379468043496632322851115903210816668023848285845695267103766186305026026958293654575773697236773401076363303775908752861001374033931756918
26723333355504422024100589691689842514042024863354696746097011541383832592268451358224218703834309193864563836871316385773671314094508783895747190787438497313450197018586439409159564859939995710560769920144685851815219816705346526642746765608785767184456730474948206034890206150605672864331847355434142653769
10612073514548860298506504064537661705684153870957829316836335664224131831941075088658846813354009182041899806604480773616769483230494372367694324338459180121015006019666379468043496632322851115903210816668023848285845695267103766186305026026958293654575773697236773401076363303775908752861001374033931756918
53467401845057797514918374490604472659723998639586790860929757588434518613877023131184119044619181001010382897166120764182184060472848107212253990037481706244335681156147224777776891445739912140928401484240044848601471772390749631529206516815416195804642299516510827239993261141049220295666915979593116533737
67976947627610456149508598738320731487463295460334759040372734141060893580911825716253134769006370591964358925583945911041844186528808084803582987450839909523907182477292815712851878722540415335632298048610755613494735428293681142827564299430015369197322008808701961382339239485151878568624824376219146411696
67976947627610456149508598738320731487463295460334759040372734141060893580911825716253134769006370591964358925583945911041844186528808084803582987450839909523907182477292815712851878722540415335632298048610755613494735428293681142827564299430015369197322008808701961382339239485151878568624824376219146411696
10884900248539151135357233825424797855871901879791647890848248257180211173076104141111379866414868842328208076821958272805906231196784555214870995382726208380429551084336395487749732110919465462680142448904776692165684843562539119419378342317039586424736208342315222737254478513157328171840761654420944297556
20074537189677774457180620375225169631621695858784210726321080449188677326804423255746804687650359954477349636123137552407464912302207999008480085847195282232889626990250470471448072860379340077418306887920734488595121883492896415973235014664793561875835167039897401172572355842826300637499744536432504611493
41465484138044633287057591796766485953524988067681702906644936483770716963976985720321863519988852258009408237274241704677018361051274169832834854518652223218880173639459700232252514631801794720691589050348899743752767969380124679861294716278739832239963230016414737161903728364472368960898622178044356501628
68163190845011168644567347412516812698679511191880167554093658025040396302742249128876188212183404818621653938588141503517568202732763846635818811728442655649452302985220726241733691154121223263563357012903075669728884272307162358885048259507686475581280898490678267785129507051523317432650648526926399257
25121976778443749401054522543308245514188133163413051397666540234027672158487392497052381533417279786400966657172154539047005871190339408763151344170806936038764293690059511872085917841582339417226681959088616906306899788739973010234129547331885420667590043255650786370283403135316698298842989099575124079498
44707605037968662659512636443814632861959813770229469192840681137664775556692194839997773206766533259166109982802090643804346246900615872257026001607173321223012157000325343118045796759422032259862039239844421727627677850263093940176178578956087463524894377665372796362075969745163855769361746313508770554072
10612073514548860298506504064537661705684153870957829316836335664224131831941075088658846813354009182041899806604480773616769483230494372367694324338459180121015006019666379468043496632322851115903210816668023848285845695267103766186305026026958293654575773697236773401076363303775908752861001374033931756918
67976947627610456149508598738320731487463295460334759040372734141060893580911825716253134769006370591964358925583945911041844186528808084803582987450839909523907182477292815712851878722540415335632298048610755613494735428293681142827564299430015369197322008808701961382339239485151878568624824376219146411696
10612073514548860298506504064537661705684153870957829316836335664224131831941075088658846813354009182041899806604480773616769483230494372367694324338459180121015006019666379468043496632322851115903210816668023848285845695267103766186305026026958293654575773697236773401076363303775908752861001374033931756918
10884900248539151135357233825424797855871901879791647890848248257180211173076104141111379866414868842328208076821958272805906231196784555214870995382726208380429551084336395487749732110919465462680142448904776692165684843562539119419378342317039586424736208342315222737254478513157328171840761654420944297556
32266704418075055686760101435554498587202558222044830054254413013325639308619631632173543273434439371258162453195076892573672644354272381197283113737208063722551400469172854115252375323347518550358437300577009265739603505547547854559319794366774787432777150123793319184285188240472973727108476846493716702147
42873959711383826809237664087486424519580868605041511359486328858283907220565335986914141589694914642202261334404711039098882159107823540853399963701961877249948150077445039173888245362341752274495659293278463873004965510848089382530937363445100945459385416516487459663915589265886930840112163555935132662445
20074537189677774457180620375225169631621695858784210726321080449188677326804423255746804687650359954477349636123137552407464912302207999008480085847195282232889626990250470471448072860379340077418306887920734488595121883492896415973235014664793561875835167039897401172572355842826300637499744536432504611493
10612073514548860298506504064537661705684153870957829316836335664224131831941075088658846813354009182041899806604480773616769483230494372367694324338459180121015006019666379468043496632322851115903210816668023848285845695267103766186305026026958293654575773697236773401076363303775908752861001374033931756918
10884900248539151135357233825424797855871901879791647890848248257180211173076104141111379866414868842328208076821958272805906231196784555214870995382726208380429551084336395487749732110919465462680142448904776692165684843562539119419378342317039586424736208342315222737254478513157328171840761654420944297556
62051926504161898428423148232742936624993174899146014855662900430385250768124843591244428761202539634018764989530101157915421555087960400410434969452495969110331952374798388706841505876691761654370140912741186710978433627300028182344765850110707722327129453130375606839554194846698030828742037137248700092085
53467401845057797514918374490604472659723998639586790860929757588434518613877023131184119044619181001010382897166120764182184060472848107212253990037481706244335681156147224777776891445739912140928401484240044848601471772390749631529206516815416195804642299516510827239993261141049220295666915979593116533737
44707605037968662659512636443814632861959813770229469192840681137664775556692194839997773206766533259166109982802090643804346246900615872257026001607173321223012157000325343118045796759422032259862039239844421727627677850263093940176178578956087463524894377665372796362075969745163855769361746313508770554072
20074537189677774457180620375225169631621695858784210726321080449188677326804423255746804687650359954477349636123137552407464912302207999008480085847195282232889626990250470471448072860379340077418306887920734488595121883492896415973235014664793561875835167039897401172572355842826300637499744536432504611493
18374290603610605841627265607493394964989897539335683376775047703964248717931806649641015712811455514691606334795790508693128272176276826241835932460266352833373547738551724240347838412240280456961594524330956694896709746657066222274970953878885717122889384525329602513343745144697188661878111364232970013772
33029016483801233071852355244031083996376068353470903309895411659218904680332468321972991619159111676555502993669681899801939027617206245247377283780996386692998053546895508696238662636826387515395753887259377858940756437788326234006970847986455820460735903391956964002167831758896879287684300764625729966099
41465484138044633287057591796766485953524988067681702906644936483770716963976985720321863519988852258009408237274241704677018361051274169832834854518652223218880173639459700232252514631801794720691589050348899743752767969380124679861294716278739832239963230016414737161903728364472368960898622178044356501628
67976947627610456149508598738320731487463295460334759040372734141060893580911825716253134769006370591964358925583945911041844186528808084803582987450839909523907182477292815712851878722540415335632298048610755613494735428293681142827564299430015369197322008808701961382339239485151878568624824376219146411696
18374290603610605841627265607493394964989897539335683376775047703964248717931806649641015712811455514691606334795790508693128272176276826241835932460266352833373547738551724240347838412240280456961594524330956694896709746657066222274970953878885717122889384525329602513343745144697188661878111364232970013772
67976947627610456149508598738320731487463295460334759040372734141060893580911825716253134769006370591964358925583945911041844186528808084803582987450839909523907182477292815712851878722540415335632298048610755613494735428293681142827564299430015369197322008808701961382339239485151878568624824376219146411696
10612073514548860298506504064537661705684153870957829316836335664224131831941075088658846813354009182041899806604480773616769483230494372367694324338459180121015006019666379468043496632322851115903210816668023848285845695267103766186305026026958293654575773697236773401076363303775908752861001374033931756918
67976947627610456149508598738320731487463295460334759040372734141060893580911825716253134769006370591964358925583945911041844186528808084803582987450839909523907182477292815712851878722540415335632298048610755613494735428293681142827564299430015369197322008808701961382339239485151878568624824376219146411696
4498729255291283661661199138493474213371060442499790245177635465655493894133159961896317441937184959747278586062844429286226502715443660412698393024237797863156106608600075473919842637667103367404687854188895270011460369518672679658469321808513229791107908978143197605891488523357410821637438634141667398134
44707605037968662659512636443814632861959813770229469192840681137664775556692194839997773206766533259166109982802090643804346246900615872257026001607173321223012157000325343118045796759422032259862039239844421727627677850263093940176178578956087463524894377665372796362075969745163855769361746313508770554072
10884900248539151135357233825424797855871901879791647890848248257180211173076104141111379866414868842328208076821958272805906231196784555214870995382726208380429551084336395487749732110919465462680142448904776692165684843562539119419378342317039586424736208342315222737254478513157328171840761654420944297556
10884900248539151135357233825424797855871901879791647890848248257180211173076104141111379866414868842328208076821958272805906231196784555214870995382726208380429551084336395487749732110919465462680142448904776692165684843562539119419378342317039586424736208342315222737254478513157328171840761654420944297556
26723333355504422024100589691689842514042024863354696746097011541383832592268451358224218703834309193864563836871316385773671314094508783895747190787438497313450197018586439409159564859939995710560769920144685851815219816705346526642746765608785767184456730474948206034890206150605672864331847355434142653769
10612073514548860298506504064537661705684153870957829316836335664224131831941075088658846813354009182041899806604480773616769483230494372367694324338459180121015006019666379468043496632322851115903210816668023848285845695267103766186305026026958293654575773697236773401076363303775908752861001374033931756918
67976947627610456149508598738320731487463295460334759040372734141060893580911825716253134769006370591964358925583945911041844186528808084803582987450839909523907182477292815712851878722540415335632298048610755613494735428293681142827564299430015369197322008808701961382339239485151878568624824376219146411696
33029016483801233071852355244031083996376068353470903309895411659218904680332468321972991619159111676555502993669681899801939027617206245247377283780996386692998053546895508696238662636826387515395753887259377858940756437788326234006970847986455820460735903391956964002167831758896879287684300764625729966099
20074537189677774457180620375225169631621695858784210726321080449188677326804423255746804687650359954477349636123137552407464912302207999008480085847195282232889626990250470471448072860379340077418306887920734488595121883492896415973235014664793561875835167039897401172572355842826300637499744536432504611493
53467401845057797514918374490604472659723998639586790860929757588434518613877023131184119044619181001010382897166120764182184060472848107212253990037481706244335681156147224777776891445739912140928401484240044848601471772390749631529206516815416195804642299516510827239993261141049220295666915979593116533737
62051926504161898428423148232742936624993174899146014855662900430385250768124843591244428761202539634018764989530101157915421555087960400410434969452495969110331952374798388706841505876691761654370140912741186710978433627300028182344765850110707722327129453130375606839554194846698030828742037137248700092085
10884900248539151135357233825424797855871901879791647890848248257180211173076104141111379866414868842328208076821958272805906231196784555214870995382726208380429551084336395487749732110919465462680142448904776692165684843562539119419378342317039586424736208342315222737254478513157328171840761654420944297556
10612073514548860298506504064537661705684153870957829316836335664224131831941075088658846813354009182041899806604480773616769483230494372367694324338459180121015006019666379468043496632322851115903210816668023848285845695267103766186305026026958293654575773697236773401076363303775908752861001374033931756918
62051926504161898428423148232742936624993174899146014855662900430385250768124843591244428761202539634018764989530101157915421555087960400410434969452495969110331952374798388706841505876691761654370140912741186710978433627300028182344765850110707722327129453130375606839554194846698030828742037137248700092085
32266704418075055686760101435554498587202558222044830054254413013325639308619631632173543273434439371258162453195076892573672644354272381197283113737208063722551400469172854115252375323347518550358437300577009265739603505547547854559319794366774787432777150123793319184285188240472973727108476846493716702147
20074537189677774457180620375225169631621695858784210726321080449188677326804423255746804687650359954477349636123137552407464912302207999008480085847195282232889626990250470471448072860379340077418306887920734488595121883492896415973235014664793561875835167039897401172572355842826300637499744536432504611493
53467401845057797514918374490604472659723998639586790860929757588434518613877023131184119044619181001010382897166120764182184060472848107212253990037481706244335681156147224777776891445739912140928401484240044848601471772390749631529206516815416195804642299516510827239993261141049220295666915979593116533737
18374290603610605841627265607493394964989897539335683376775047703964248717931806649641015712811455514691606334795790508693128272176276826241835932460266352833373547738551724240347838412240280456961594524330956694896709746657066222274970953878885717122889384525329602513343745144697188661878111364232970013772
68163190845011168644567347412516812698679511191880167554093658025040396302742249128876188212183404818621653938588141503517568202732763846635818811728442655649452302985220726241733691154121223263563357012903075669728884272307162358885048259507686475581280898490678267785129507051523317432650648526926399257
26723333355504422024100589691689842514042024863354696746097011541383832592268451358224218703834309193864563836871316385773671314094508783895747190787438497313450197018586439409159564859939995710560769920144685851815219816705346526642746765608785767184456730474948206034890206150605672864331847355434142653769
10884900248539151135357233825424797855871901879791647890848248257180211173076104141111379866414868842328208076821958272805906231196784555214870995382726208380429551084336395487749732110919465462680142448904776692165684843562539119419378342317039586424736208342315222737254478513157328171840761654420944297556
20074537189677774457180620375225169631621695858784210726321080449188677326804423255746804687650359954477349636123137552407464912302207999008480085847195282232889626990250470471448072860379340077418306887920734488595121883492896415973235014664793561875835167039897401172572355842826300637499744536432504611493
42873959711383826809237664087486424519580868605041511359486328858283907220565335986914141589694914642202261334404711039098882159107823540853399963701961877249948150077445039173888245362341752274495659293278463873004965510848089382530937363445100945459385416516487459663915589265886930840112163555935132662445
44707605037968662659512636443814632861959813770229469192840681137664775556692194839997773206766533259166109982802090643804346246900615872257026001607173321223012157000325343118045796759422032259862039239844421727627677850263093940176178578956087463524894377665372796362075969745163855769361746313508770554072
53467401845057797514918374490604472659723998639586790860929757588434518613877023131184119044619181001010382897166120764182184060472848107212253990037481706244335681156147224777776891445739912140928401484240044848601471772390749631529206516815416195804642299516510827239993261141049220295666915979593116533737
26723333355504422024100589691689842514042024863354696746097011541383832592268451358224218703834309193864563836871316385773671314094508783895747190787438497313450197018586439409159564859939995710560769920144685851815219816705346526642746765608785767184456730474948206034890206150605672864331847355434142653769
18374290603610605841627265607493394964989897539335683376775047703964248717931806649641015712811455514691606334795790508693128272176276826241835932460266352833373547738551724240347838412240280456961594524330956694896709746657066222274970953878885717122889384525329602513343745144697188661878111364232970013772
25121976778443749401054522543308245514188133163413051397666540234027672158487392497052381533417279786400966657172154539047005871190339408763151344170806936038764293690059511872085917841582339417226681959088616906306899788739973010234129547331885420667590043255650786370283403135316698298842989099575124079498
67976947627610456149508598738320731487463295460334759040372734141060893580911825716253134769006370591964358925583945911041844186528808084803582987450839909523907182477292815712851878722540415335632298048610755613494735428293681142827564299430015369197322008808701961382339239485151878568624824376219146411696
53467401845057797514918374490604472659723998639586790860929757588434518613877023131184119044619181001010382897166120764182184060472848107212253990037481706244335681156147224777776891445739912140928401484240044848601471772390749631529206516815416195804642299516510827239993261141049220295666915979593116533737
26723333355504422024100589691689842514042024863354696746097011541383832592268451358224218703834309193864563836871316385773671314094508783895747190787438497313450197018586439409159564859939995710560769920144685851815219816705346526642746765608785767184456730474948206034890206150605672864331847355434142653769
44707605037968662659512636443814632861959813770229469192840681137664775556692194839997773206766533259166109982802090643804346246900615872257026001607173321223012157000325343118045796759422032259862039239844421727627677850263093940176178578956087463524894377665372796362075969745163855769361746313508770554072
20074537189677774457180620375225169631621695858784210726321080449188677326804423255746804687650359954477349636123137552407464912302207999008480085847195282232889626990250470471448072860379340077418306887920734488595121883492896415973235014664793561875835167039897401172572355842826300637499744536432504611493
67976947627610456149508598738320731487463295460334759040372734141060893580911825716253134769006370591964358925583945911041844186528808084803582987450839909523907182477292815712851878722540415335632298048610755613494735428293681142827564299430015369197322008808701961382339239485151878568624824376219146411696
4498729255291283661661199138493474213371060442499790245177635465655493894133159961896317441937184959747278586062844429286226502715443660412698393024237797863156106608600075473919842637667103367404687854188895270011460369518672679658469321808513229791107908978143197605891488523357410821637438634141667398134
41465484138044633287057591796766485953524988067681702906644936483770716963976985720321863519988852258009408237274241704677018361051274169832834854518652223218880173639459700232252514631801794720691589050348899743752767969380124679861294716278739832239963230016414737161903728364472368960898622178044356501628
10884900248539151135357233825424797855871901879791647890848248257180211173076104141111379866414868842328208076821958272805906231196784555214870995382726208380429551084336395487749732110919465462680142448904776692165684843562539119419378342317039586424736208342315222737254478513157328171840761654420944297556
10884900248539151135357233825424797855871901879791647890848248257180211173076104141111379866414868842328208076821958272805906231196784555214870995382726208380429551084336395487749732110919465462680142448904776692165684843562539119419378342317039586424736208342315222737254478513157328171840761654420944297556
32266704418075055686760101435554498587202558222044830054254413013325639308619631632173543273434439371258162453195076892573672644354272381197283113737208063722551400469172854115252375323347518550358437300577009265739603505547547854559319794366774787432777150123793319184285188240472973727108476846493716702147
42873959711383826809237664087486424519580868605041511359486328858283907220565335986914141589694914642202261334404711039098882159107823540853399963701961877249948150077445039173888245362341752274495659293278463873004965510848089382530937363445100945459385416516487459663915589265886930840112163555935132662445
10884900248539151135357233825424797855871901879791647890848248257180211173076104141111379866414868842328208076821958272805906231196784555214870995382726208380429551084336395487749732110919465462680142448904776692165684843562539119419378342317039586424736208342315222737254478513157328171840761654420944297556
42873959711383826809237664087486424519580868605041511359486328858283907220565335986914141589694914642202261334404711039098882159107823540853399963701961877249948150077445039173888245362341752274495659293278463873004965510848089382530937363445100945459385416516487459663915589265886930840112163555935132662445
67976947627610456149508598738320731487463295460334759040372734141060893580911825716253134769006370591964358925583945911041844186528808084803582987450839909523907182477292815712851878722540415335632298048610755613494735428293681142827564299430015369197322008808701961382339239485151878568624824376219146411696
10612073514548860298506504064537661705684153870957829316836335664224131831941075088658846813354009182041899806604480773616769483230494372367694324338459180121015006019666379468043496632322851115903210816668023848285845695267103766186305026026958293654575773697236773401076363303775908752861001374033931756918
41465484138044633287057591796766485953524988067681702906644936483770716963976985720321863519988852258009408237274241704677018361051274169832834854518652223218880173639459700232252514631801794720691589050348899743752767969380124679861294716278739832239963230016414737161903728364472368960898622178044356501628
10884900248539151135357233825424797855871901879791647890848248257180211173076104141111379866414868842328208076821958272805906231196784555214870995382726208380429551084336395487749732110919465462680142448904776692165684843562539119419378342317039586424736208342315222737254478513157328171840761654420944297556
44707605037968662659512636443814632861959813770229469192840681137664775556692194839997773206766533259166109982802090643804346246900615872257026001607173321223012157000325343118045796759422032259862039239844421727627677850263093940176178578956087463524894377665372796362075969745163855769361746313508770554072
26723333355504422024100589691689842514042024863354696746097011541383832592268451358224218703834309193864563836871316385773671314094508783895747190787438497313450197018586439409159564859939995710560769920144685851815219816705346526642746765608785767184456730474948206034890206150605672864331847355434142653769
68163190845011168644567347412516812698679511191880167554093658025040396302742249128876188212183404818621653938588141503517568202732763846635818811728442655649452302985220726241733691154121223263563357012903075669728884272307162358885048259507686475581280898490678267785129507051523317432650648526926399257
4498729255291283661661199138493474213371060442499790245177635465655493894133159961896317441937184959747278586062844429286226502715443660412698393024237797863156106608600075473919842637667103367404687854188895270011460369518672679658469321808513229791107908978143197605891488523357410821637438634141667398134
4498729255291283661661199138493474213371060442499790245177635465655493894133159961896317441937184959747278586062844429286226502715443660412698393024237797863156106608600075473919842637667103367404687854188895270011460369518672679658469321808513229791107908978143197605891488523357410821637438634141667398134
68163190845011168644567347412516812698679511191880167554093658025040396302742249128876188212183404818621653938588141503517568202732763846635818811728442655649452302985220726241733691154121223263563357012903075669728884272307162358885048259507686475581280898490678267785129507051523317432650648526926399257
20074537189677774457180620375225169631621695858784210726321080449188677326804423255746804687650359954477349636123137552407464912302207999008480085847195282232889626990250470471448072860379340077418306887920734488595121883492896415973235014664793561875835167039897401172572355842826300637499744536432504611493
33029016483801233071852355244031083996376068353470903309895411659218904680332468321972991619159111676555502993669681899801939027617206245247377283780996386692998053546895508696238662636826387515395753887259377858940756437788326234006970847986455820460735903391956964002167831758896879287684300764625729966099
53467401845057797514918374490604472659723998639586790860929757588434518613877023131184119044619181001010382897166120764182184060472848107212253990037481706244335681156147224777776891445739912140928401484240044848601471772390749631529206516815416195804642299516510827239993261141049220295666915979593116533737
67976947627610456149508598738320731487463295460334759040372734141060893580911825716253134769006370591964358925583945911041844186528808084803582987450839909523907182477292815712851878722540415335632298048610755613494735428293681142827564299430015369197322008808701961382339239485151878568624824376219146411696
26723333355504422024100589691689842514042024863354696746097011541383832592268451358224218703834309193864563836871316385773671314094508783895747190787438497313450197018586439409159564859939995710560769920144685851815219816705346526642746765608785767184456730474948206034890206150605672864331847355434142653769
42873959711383826809237664087486424519580868605041511359486328858283907220565335986914141589694914642202261334404711039098882159107823540853399963701961877249948150077445039173888245362341752274495659293278463873004965510848089382530937363445100945459385416516487459663915589265886930840112163555935132662445
67976947627610456149508598738320731487463295460334759040372734141060893580911825716253134769006370591964358925583945911041844186528808084803582987450839909523907182477292815712851878722540415335632298048610755613494735428293681142827564299430015369197322008808701961382339239485151878568624824376219146411696
18374290603610605841627265607493394964989897539335683376775047703964248717931806649641015712811455514691606334795790508693128272176276826241835932460266352833373547738551724240347838412240280456961594524330956694896709746657066222274970953878885717122889384525329602513343745144697188661878111364232970013772
62051926504161898428423148232742936624993174899146014855662900430385250768124843591244428761202539634018764989530101157915421555087960400410434969452495969110331952374798388706841505876691761654370140912741186710978433627300028182344765850110707722327129453130375606839554194846698030828742037137248700092085
62051926504161898428423148232742936624993174899146014855662900430385250768124843591244428761202539634018764989530101157915421555087960400410434969452495969110331952374798388706841505876691761654370140912741186710978433627300028182344765850110707722327129453130375606839554194846698030828742037137248700092085
20074537189677774457180620375225169631621695858784210726321080449188677326804423255746804687650359954477349636123137552407464912302207999008480085847195282232889626990250470471448072860379340077418306887920734488595121883492896415973235014664793561875835167039897401172572355842826300637499744536432504611493
62051926504161898428423148232742936624993174899146014855662900430385250768124843591244428761202539634018764989530101157915421555087960400410434969452495969110331952374798388706841505876691761654370140912741186710978433627300028182344765850110707722327129453130375606839554194846698030828742037137248700092085
4498729255291283661661199138493474213371060442499790245177635465655493894133159961896317441937184959747278586062844429286226502715443660412698393024237797863156106608600075473919842637667103367404687854188895270011460369518672679658469321808513229791107908978143197605891488523357410821637438634141667398134
18374290603610605841627265607493394964989897539335683376775047703964248717931806649641015712811455514691606334795790508693128272176276826241835932460266352833373547738551724240347838412240280456961594524330956694896709746657066222274970953878885717122889384525329602513343745144697188661878111364232970013772
4498729255291283661661199138493474213371060442499790245177635465655493894133159961896317441937184959747278586062844429286226502715443660412698393024237797863156106608600075473919842637667103367404687854188895270011460369518672679658469321808513229791107908978143197605891488523357410821637438634141667398134
4498729255291283661661199138493474213371060442499790245177635465655493894133159961896317441937184959747278586062844429286226502715443660412698393024237797863156106608600075473919842637667103367404687854188895270011460369518672679658469321808513229791107908978143197605891488523357410821637438634141667398134
32266704418075055686760101435554498587202558222044830054254413013325639308619631632173543273434439371258162453195076892573672644354272381197283113737208063722551400469172854115252375323347518550358437300577009265739603505547547854559319794366774787432777150123793319184285188240472973727108476846493716702147
10612073514548860298506504064537661705684153870957829316836335664224131831941075088658846813354009182041899806604480773616769483230494372367694324338459180121015006019666379468043496632322851115903210816668023848285845695267103766186305026026958293654575773697236773401076363303775908752861001374033931756918
32266704418075055686760101435554498587202558222044830054254413013325639308619631632173543273434439371258162453195076892573672644354272381197283113737208063722551400469172854115252375323347518550358437300577009265739603505547547854559319794366774787432777150123793319184285188240472973727108476846493716702147
4498729255291283661661199138493474213371060442499790245177635465655493894133159961896317441937184959747278586062844429286226502715443660412698393024237797863156106608600075473919842637667103367404687854188895270011460369518672679658469321808513229791107908978143197605891488523357410821637438634141667398134
32266704418075055686760101435554498587202558222044830054254413013325639308619631632173543273434439371258162453195076892573672644354272381197283113737208063722551400469172854115252375323347518550358437300577009265739603505547547854559319794366774787432777150123793319184285188240472973727108476846493716702147
32266704418075055686760101435554498587202558222044830054254413013325639308619631632173543273434439371258162453195076892573672644354272381197283113737208063722551400469172854115252375323347518550358437300577009265739603505547547854559319794366774787432777150123793319184285188240472973727108476846493716702147
4498729255291283661661199138493474213371060442499790245177635465655493894133159961896317441937184959747278586062844429286226502715443660412698393024237797863156106608600075473919842637667103367404687854188895270011460369518672679658469321808513229791107908978143197605891488523357410821637438634141667398134
33029016483801233071852355244031083996376068353470903309895411659218904680332468321972991619159111676555502993669681899801939027617206245247377283780996386692998053546895508696238662636826387515395753887259377858940756437788326234006970847986455820460735903391956964002167831758896879287684300764625729966099
42873959711383826809237664087486424519580868605041511359486328858283907220565335986914141589694914642202261334404711039098882159107823540853399963701961877249948150077445039173888245362341752274495659293278463873004965510848089382530937363445100945459385416516487459663915589265886930840112163555935132662445
25121976778443749401054522543308245514188133163413051397666540234027672158487392497052381533417279786400966657172154539047005871190339408763151344170806936038764293690059511872085917841582339417226681959088616906306899788739973010234129547331885420667590043255650786370283403135316698298842989099575124079498
20074537189677774457180620375225169631621695858784210726321080449188677326804423255746804687650359954477349636123137552407464912302207999008480085847195282232889626990250470471448072860379340077418306887920734488595121883492896415973235014664793561875835167039897401172572355842826300637499744536432504611493
44707605037968662659512636443814632861959813770229469192840681137664775556692194839997773206766533259166109982802090643804346246900615872257026001607173321223012157000325343118045796759422032259862039239844421727627677850263093940176178578956087463524894377665372796362075969745163855769361746313508770554072
4498729255291283661661199138493474213371060442499790245177635465655493894133159961896317441937184959747278586062844429286226502715443660412698393024237797863156106608600075473919842637667103367404687854188895270011460369518672679658469321808513229791107908978143197605891488523357410821637438634141667398134
26723333355504422024100589691689842514042024863354696746097011541383832592268451358224218703834309193864563836871316385773671314094508783895747190787438497313450197018586439409159564859939995710560769920144685851815219816705346526642746765608785767184456730474948206034890206150605672864331847355434142653769
18374290603610605841627265607493394964989897539335683376775047703964248717931806649641015712811455514691606334795790508693128272176276826241835932460266352833373547738551724240347838412240280456961594524330956694896709746657066222274970953878885717122889384525329602513343745144697188661878111364232970013772
44707605037968662659512636443814632861959813770229469192840681137664775556692194839997773206766533259166109982802090643804346246900615872257026001607173321223012157000325343118045796759422032259862039239844421727627677850263093940176178578956087463524894377665372796362075969745163855769361746313508770554072
32266704418075055686760101435554498587202558222044830054254413013325639308619631632173543273434439371258162453195076892573672644354272381197283113737208063722551400469172854115252375323347518550358437300577009265739603505547547854559319794366774787432777150123793319184285188240472973727108476846493716702147
25121976778443749401054522543308245514188133163413051397666540234027672158487392497052381533417279786400966657172154539047005871190339408763151344170806936038764293690059511872085917841582339417226681959088616906306899788739973010234129547331885420667590043255650786370283403135316698298842989099575124079498
41465484138044633287057591796766485953524988067681702906644936483770716963976985720321863519988852258009408237274241704677018361051274169832834854518652223218880173639459700232252514631801794720691589050348899743752767969380124679861294716278739832239963230016414737161903728364472368960898622178044356501628
44707605037968662659512636443814632861959813770229469192840681137664775556692194839997773206766533259166109982802090643804346246900615872257026001607173321223012157000325343118045796759422032259862039239844421727627677850263093940176178578956087463524894377665372796362075969745163855769361746313508770554072
44707605037968662659512636443814632861959813770229469192840681137664775556692194839997773206766533259166109982802090643804346246900615872257026001607173321223012157000325343118045796759422032259862039239844421727627677850263093940176178578956087463524894377665372796362075969745163855769361746313508770554072
68163190845011168644567347412516812698679511191880167554093658025040396302742249128876188212183404818621653938588141503517568202732763846635818811728442655649452302985220726241733691154121223263563357012903075669728884272307162358885048259507686475581280898490678267785129507051523317432650648526926399257
41465484138044633287057591796766485953524988067681702906644936483770716963976985720321863519988852258009408237274241704677018361051274169832834854518652223218880173639459700232252514631801794720691589050348899743752767969380124679861294716278739832239963230016414737161903728364472368960898622178044356501628
4498729255291283661661199138493474213371060442499790245177635465655493894133159961896317441937184959747278586062844429286226502715443660412698393024237797863156106608600075473919842637667103367404687854188895270011460369518672679658469321808513229791107908978143197605891488523357410821637438634141667398134